All the patterns considered:
A = [-1 -1 -1 -1 -1 1 -1 1 -1 1 -1 1 -1 -1 -1 -1]

C = [-1 -1 -1 -1 -1 1 1 -1 -1 1 1 -1 -1 1 1 -1]

F = [-1 -1 -1 -1 -1 1 -1 1 -1 1 -1 1 -1 1 -1 1]

H = [-1 -1 -1 -1 1 -1 1 1 1 -1 1 1 -1 -1 -1 -1]

I = [-1 1 1 -1 -1 -1 -1 -1 -1 -1 -1 -1 -1 1 1 -1]

J = [-1 1 -1 -1 -1 1 1 -1 -1 -1 -1 -1 -1 1 1 1]

L = [-1 -1 -1 -1 1 1 1 -1 1 1 1 -1 1 1 1 -1]

O = [-1 -1 -1 -1 -1 1 1 -1 -1 1 1 -1 -1 -1 -1 -1]

P = [-1 -1 -1 -1 -1 1 -1 1 -1 1 -1 1 -1 -1 -1 1]

T = [-1 1 1 1 -1 -1 -1 -1 -1 -1 -1 -1 -1 1 1 1]

U = [-1 -1 -1 -1 1 1 1 -1 1 1 1 -1 -1 -1 -1 -1]

Y = [-1 -1 1 1 1 -1 -1 -1 1 -1 -1 -1 -1 -1 1 1]

=========================================================================================

Sets of two patterns which are orthogonal:
A-I
A-J
C-H
C-T
F-H
F-I
F-T
F-U
H-Y
I-O
J-U
J-Y
U-Y

========================================================================================

Sets of three patterns which are orthogonal:
J-U-Y


========================================================================================

Actual inputs:

J = [-1 1 -1 -1 -1 1 1 -1 -1 -1 -1 -1 -1 1 1 1]

U = [-1 -1 -1 -1 1 1 1 -1 1 1 1 -1 -1 -1 -1 -1]

Y = [-1 -1 1 1 1 -1 -1 -1 1 -1 -1 -1 -1 -1 1 1]

Each fixed point was perfectly reached.


Each input changed by 3 digits:

J = [1 1 -1 -1 -1 1 1 1 -1 -1 -1 -1 -1 1 -1 1]

U = [-1 -1 -1 -1 1 -1 1 1 1 1 1 -1 -1 -1 1 -1]

Y = [-1 -1 1 1 1 -1 -1 -1 -1 1 -1 -1 -1 -1 -1 1]

Each fixed point was perfectly reached even this time.


Each input changed by 5 digits:

J = [1 1 -1 -1 1 1 -1 -1 -1 1 -1 -1 -1 -1 1 1]

U = [-1 1 -1 -1 1 1 -1 -1 1 -1 1 1 -1 -1 1 -1]

Y = [1 -1 1 -1 1 -1 -1 1 1 -1 -1 -1 1 1 1 1]



o/p of J-5 fed [-1    -1    -1    -1     1     1     1    -1     1    -1    -1    -1    -1    -1     1     1]


================================================================================================================================



All patterns (non orthogonal) stored:



A = [1 -1 -1 -1 -1 1 -1 1 1 1 -1 1 -1 -1 -1 -1]

C = [-1 -1 -1 -1 -1 -1 -1 -1 -1 1 1 -1 -1 1 1 -1]

F = [-1 -1 1 -1 -1 1 1 1 -1 1 -1 1 -1 1 -1 1]

H = [-1 -1 -1 -1 1 -1 1 1 1 -1 1 1 -1 -1 -1 -1]

I = [-1 1 1 -1 -1 -1 -1 -1 -1 -1 -1 -1 -1 1 1 -1]

J = [-1 1 -1 -1 -1 1 1 -1 -1 -1 -1 -1 -1 1 1 1]

L = [-1 -1 -1 -1 -1 1 -1 -1 1 1 1 -1 1 -1 1 -1]

O = [-1 -1 -1 -1 -1 1 1 -1 -1 1 1 -1 -1 -1 -1 -1]

P = [-1 -1 -1 -1 -1 1 -1 1 -1 1 -1 1 -1 -1 -1 1]

T = [-1 1 1 1 -1 -1 -1 -1 -1 -1 -1 -1 -1 1 1 1]

U = [-1 -1 -1 -1 1 1 1 -1 1 1 1 -1 -1 -1 -1 -1]

Y = [-1 -1 1 1 1 -1 -1 -1 1 -1 -1 -1 -1 -1 1 1]

































